start,finish,counter
1588634177274,1588634185601,0
1588634248479,1588634248899,1
1588634284022,1588634285347,2
1588634335764,1588634336440,3
1588634381570,1588634382097,4
1588634487521,1588634488004,5
1588634525882,1588634526453,6
1588634579935,1588634580493,7
1588634653050,1588634653650,8
1588634730550,1588634730977,9
1588634786399,1588634787686,10
1588634854591,1588634855198,11
1588634912601,1588634913018,12
1588634963289,1588634963812,13
1588635071636,1588635072128,14
