start,finish,counter
1586732401549,1586732407070,0
1586732452146,1586732452443,1
1586732522739,1586732523950,2
1586732583136,1586732585065,3
1586732643437,1586732644495,4
1586732663687,1586732663939,5
1586732764389,1586732765400,6
1586732814648,1586732814816,7
1586732875154,1586732875720,8
1586732935664,1586732935840,9
1586732995967,1586732996304,10
1586733026258,1586733026577,11
1586733177352,1586733179306,12
1586733237650,1586733237847,13
1586733298016,1586733298460,14
