start,finish,counter
1588436120252,1588436146553,0
1588436151402,1588436167937,1
1588436213189,1588436218104,2
1588436274964,1588436277235,3
1588436336772,1588436341727,4
1588436367874,1588436382338,5
1588436460376,1588436463879,6
1588436522267,1588436527238,7
1588436584246,1588436587824,8
1588436646066,1588436648917,9
1588436707907,1588436712153,10
1588436769650,1588436772627,11
1588436831396,1588436835673,12
1588436892977,1588436896011,13
1588437015690,1588437018722,14
