start,finish,counter
1586905180343,1586905198753,0
1586905272958,1586905274739,1
1586905334378,1586905336348,2
1586905395792,1586905397564,3
1586905457148,1586905458200,4
1586905487432,1586905488000,5
1586905579937,1586905581315,6
1586905641311,1586905644265,7
1586905702712,1586905703959,8
1586905764084,1586905764310,9
1586905795327,1586905796419,10
1586905886863,1586905890898,11
1586905948111,1586905948689,12
1586906009405,1586906009669,13
1586906070704,1586906071622,14
